Template: NONE
CeilingDrips: 0.1195652
RainIntensity: 0.4891308
RumbleIntensity: 0.3260873
Grime: 0.2608696
Palette: 18
Effects: PixelShift-0.5108696-11-69, AboveCloudsView-0.7733242-20-20, SkyDandelions-0.09279881-30-30, 
FadePalette: 2, 0.6847824
BackgroundOffset: 0,258.6096
